-1.93384027 1.61892438 1.44920599 0.06982443 0.98816574 0.28146985
1.13270319 0.36481798 0.46052065 -0.13946214 0.87211090 0.66285539
0.91095912 0.54807758 0.68562448 0.04073091 0.87988031 0.30388999
0.09881376 -0.77658373 -0.77709234 0.02133524 0.92285460 0.23979771
-1.02456737 -1.27199543 -0.45791525 -0.16537988 0.80388623 0.85172051
-0.28358787 1.25881934 -0.61796194 -0.01209495 0.75824124 0.24783969
1.52610040 0.72034156 0.06895603 -0.28534201 1.08285499 0.46424252
0.48304802 1.54775858 -0.76579136 -0.16217102 0.86871183 0.14061309
-1.63390553 0.20202242 -1.98141313 -0.50477892 0.57031977 0.54417509
-1.36084878 -0.91616642 -1.53975761 -0.41986743 0.01772386 0.67357808
-0.81229174 0.77134883 0.09186347 -0.51267767 0.52831662 0.47545257
0.32330674 -0.26681668 0.10011016 -0.52230424 0.36443165 0.65919995
-0.88284665 0.52425385 -0.53305167 -0.73606390 0.36467445 0.88340104
-0.76556057 0.58808923 -0.40568626 -0.56081063 0.29644972 0.47569624
0.21212928 -1.73564208 -0.61368591 -1.22504532 -0.17850716 2.27052355
-0.16996694 0.74569249 -0.03733452 -0.54871565 0.27629796 0.54100698
1.35750163 -0.09333093 0.80565947 -0.73705125 0.38506901 0.76983833
-0.48639512 -0.13425890 -0.40965688 -0.63165241 0.19423406 0.88608170
-0.32146153 0.36817777 -0.08253855 -0.52329159 0.24376374 0.52638519
0.19288702 0.40177536 0.21922888 -0.63732964 0.23745114 0.86658597
0.00810028 -0.38349193 -0.31314018 -0.44430417 0.14179085 0.49129283
-0.28419873 -0.13181543 -0.35590073 -0.61733592 0.15004581 0.82150209
-0.29611060 0.58381319 0.07781357 -0.61190557 0.14518996 0.68405706
0.33094257 -1.13546693 -0.47074342 -1.27762127 0.03374817 1.12417352
-0.22769371 0.75485545 -0.03244760 -0.54945618 0.13135079 0.59583879
0.23412043 -0.33737159 0.42295244 -0.72076011 0.30349073 0.76618290
-0.28358787 0.36359626 -0.01931400 -0.71532977 0.03204862 0.82759452
0.09331597 -0.16907822 0.04696488 -0.50354475 0.16631290 0.41087288
-0.34864503 0.28784901 -0.25144279 -0.76296896 0.13644943 0.85586333
-0.03374399 -0.45099252 -0.28534582 -0.50872827 0.11702602 0.56099015
-0.37094161 0.12658057 -0.29603595 -0.67213345 0.07890759 0.84343481
-0.27747923 0.47507918 0.08056247 -0.60548782 0.07283778 0.62288910
0.33094257 -1.04169917 0.03963450 -0.68126637 -0.01640336 0.98185462
-0.06367639 0.73775125 -0.00862386 -0.52946246 0.05924139 0.45157024
0.54871601 0.20477132 0.47151622 -0.67089927 0.20127504 0.83319950
-0.17699188 1.00408852 0.06681800 -0.65880436 -0.00699555 0.69453603
0.31475464 -0.75825775 -0.05535505 -0.51391184 0.14543276 0.43109974
-0.19012550 0.81074965 0.03199868 -0.71878546 0.07380895 0.72524178
0.27107778 -0.95617813 -0.15706411 -0.49712700 0.12819448 2.86684966
-0.55206317 0.51234198 -0.31283474 -0.70200056 0.04588779 0.78567863
-0.46715286 0.21057452 0.79252589 -0.55143082 -0.06537222 0.58414137
0.71028990 -1.81200027 0.91683698 -0.54081690 0.78810465 0.60144383
1.35353100 1.66748822 -1.19400787 -0.65929800 0.03811843 0.91483796
-0.11162931 0.65650612 1.69996619 -0.35963956 0.48218608 0.11380643
1.20081472 -1.35262954 -0.13934901 -1.00906408 0.64242917 1.31255126
-0.73990422 2.32203031 -0.12041220 -0.44973454 0.06773913 0.39551997
0.16112202 -1.77351570 0.85177982 -0.65189296 1.02652693 0.64677143
0.04169786 1.15405595 -0.84734190 -0.66324735 0.34646499 0.50567096
-0.57771951 -1.03803396 -0.99181151 -0.51563966 0.46834689 0.15523489
-0.85688490 0.13604897 -0.48082271 -0.97055775 0.53074455 0.92872864
0.01023830 -1.16173422 -0.04069429 -0.54229790 0.05778464 0.57244390
-0.11101845 1.16413522 -0.09628302 -0.69237399 0.35860461 0.58341026
0.14187977 -1.11469758 -0.57123077 -0.47343075 0.28333893 0.20494905
-0.57588691 1.14855814 -0.15859127 -0.77654493 0.41420415 0.63336813
1.23838294 -1.96715999 0.88446110 -0.55118406 0.18864983 0.65700668
-0.13239872 0.98423535 0.17402485 -0.69039929 0.07016705 0.68381339
0.10644958 -0.48031408 1.63490903 -0.42924720 0.28285336 0.36871335
0.87278003 -0.83217245 1.18500686 -0.68768412 0.59508461 1.03863597
0.21182384 0.93872589 0.93516290 -0.45442444 0.31757268 0.79006517
-1.77073932 0.40055364 -1.23890650 -0.45244977 0.93547976 0.48081389
-0.23807842 0.24264495 0.96204102 -0.60178530 0.19496244 0.70257801
2.85809207 0.59725219 1.69263577 -0.24115844 0.99156487 0.16449538
-2.51294065 -0.56278086 -1.33084166 -0.69459552 0.42731494 0.82272059
0.04017070 -0.34806174 -1.31312656 -0.24436729 0.57031977 0.27586481
4.23956394 1.47017872 3.56738114 -0.61980432 0.42367306 0.73206532
-4.87576723 -1.40241516 -3.99299264 -0.44924089 0.65869623 0.57512456
5.26490116 0.83243531 4.04049683 -0.46676621 0.53899950 0.55246073
-6.34642553 -1.56337810 -5.64324474 -0.58425999 0.66233814 0.86073726
4.88616467 -0.42167097 3.44978976 -0.10589249 0.62713325 0.21323474
-0.38376978 -0.86241031 -0.20623876 -0.51514602 0.41396135 0.91118252
-4.68273401 -0.31354785 -4.48748779 -0.45985481 0.66937912 0.84684652
6.52694893 2.13602185 4.96748447 -0.30681673 0.44382483 0.37285617
-1.66933572 -0.95801067 -1.13444853 -0.53884220 0.57274765 0.97040087
-4.21694899 0.04319745 -3.71352148 -0.40703198 0.69268721 0.77788037
5.76764345 1.62197876 4.14709282 -0.28731668 0.52030450 0.54807425
-1.55693650 -0.02369229 -0.44722509 -0.22955716 0.79733080 0.51005751
-0.44943780 0.28845984 0.28428602 -0.30089265 0.74440205 0.67845207
-0.22677740 0.45522606 0.67890495 -0.27867746 0.68370390 0.66943526
-1.58961773 -0.25307220 -1.38887393 -0.46355733 0.32145736 0.89851028
-0.05115365 0.29273593 0.97303659 -0.38382941 0.36418888 0.85610706
4.49521112 1.82356429 4.08142471 -0.26312682 0.80000156 0.41647792
-4.99916220 -0.83767027 -3.11762261 -0.56624103 0.57784635 0.84099782
3.85960555 1.31654608 3.16146135 -0.31743065 0.58852923 0.49421719
0.37064880 0.29334676 -0.17783353 -0.42751935 0.49092659 0.63483030
-1.12108409 -0.47267824 -1.50524378 -0.65485501 0.85390151 0.70062846
-0.96867323 -0.97419864 -1.03732097 -0.50280422 0.84224743 0.71451914
-2.82723093 -1.37950766 -3.79690480 -0.42677882 0.78130651 0.67309070
-1.72400808 -1.29398656 -1.01777327 -0.41690540 0.73444754 0.71719980
2.59419823 -0.86882436 -0.08040053 -0.11428490 0.81869656 0.35750329
0.73014301 -0.26559493 -1.69644451 -0.42036110 0.20054667 0.94237572
-1.60641658 -0.59179699 1.65781653 -0.04714561 0.68904531 0.45010805
0.64553815 -1.70815313 -1.99607396 -0.33791801 0.86919737 1.29914784
0.54077476 1.76980817 1.20730340 0.14110352 -0.05403460 0.40746114
0.09484314 -2.81015396 1.73295295 -0.07108866 1.58762062 0.77349377
0.43387336 1.62717104 -2.50217581 -0.16044317 0.14907463 1.10443413
-1.59755898 -0.18740419 2.41834378 0.15589273 1.28073084 -0.18583305
0.23320413 -0.08355708 -2.23247886 -0.36630410 0.65675390 1.48484492
-0.38376978 2.12838602 1.14438426 0.06158127 0.37147263 0.18228525
0.56795830 -2.36849856 -0.72089279 -0.38382941 1.23654258 1.00256884
0.73014301 2.46619439 -0.42676112 0.01745611 0.04855851 0.51444405
-0.33337340 -2.07925391 1.75952554 -0.00271519 1.65608811 0.45693159
0.10308982 0.64245623 -2.23858738 -0.34828511 0.29207945 1.12661052
-0.61803657 0.82999188 1.59184301 0.00363669 0.94980454 0.09504177
0.14340693 -1.72098136 -1.49974597 -0.14884189 0.59824085 0.82345170
-0.47051263 0.40146995 1.57351708 -0.11329756 0.61062330 0.76618290
-0.12903896 0.32816607 -0.85192335 -0.07923424 0.94543433 0.43378040
0.71487135 -1.46716678 0.23724940 -0.20339258 0.19423406 0.92312366
-1.57801127 2.10028625 1.21799350 -0.00024684 1.48661900 0.44279718
0.77717960 -2.30374670 -2.51225519 -0.01703166 -0.01736826 1.03035021
-1.36665189 1.20933926 1.77754605 -0.14686722 0.91727030 0.73157793
1.47631490 -1.31811571 -2.10572433 0.05964170 0.69608635 0.79713237
-0.76678228 0.10642201 1.29771149 -0.14118999 0.52443200 0.78104842
0.74724722 0.15956728 -0.95790845 0.06909709 1.06998682 0.48032647
0.49709791 -1.10645092 0.83986795 -0.10811402 0.21268630 0.89217412
-0.58474445 1.66199040 0.63339549 0.13092080 1.51211214 0.25929344
1.26800990 -1.84162724 -0.34948665 -0.04615827 0.01213963 1.03351831
-1.07007682 2.61219120 1.83496737 0.22692937 1.44898617 0.42817536
0.55940616 -1.32178092 -2.20834970 -0.06121524 -0.01302620 1.13124084
-0.17332670 2.59783602 2.24760699 0.05964170 0.89857531 0.44206607
0.47663394 -1.80894589 -2.87480354 -0.30805090 0.35520554 1.26771092
-0.65988088 2.67511034 1.67033923 0.07734025 0.63126069 0.50006598
0.10034093 1.53829014 0.52557778 -0.19722168 0.68588907 0.91093886
-0.04596130 3.87087917 1.89849746 -0.01678482 0.65432596 0.46351141
-0.67118186 1.85319126 0.54787433 -0.33224079 0.80679971 0.27854550
-0.15408444 0.82632667 1.80289698 -0.47738016 1.48540497 0.34799913
-0.36849815 -1.47052658 -0.59719253 -0.34556991 0.91217172 0.52151126
-1.04869664 -1.03467429 1.17584383 0.11467692 1.21833313 0.65042692
-0.58749336 -0.99954951 -0.56664926 -0.32335469 0.76746732 0.60266227
0.60766453 -0.25551564 -0.12163392 -0.04788611 0.62713325 0.47350296
0.43967658 0.01509766 1.16576457 -0.01925318 1.01535857 0.80566180
1.32573664 1.89961696 0.57994479 -0.09972160 0.80995601 0.59876317
1.35719621 1.98086214 0.92997056 -0.08046842 0.44115409 0.35823435
1.02274740 0.33977252 0.37133431 -0.50724721 0.91071492 -0.01855920
0.41310394 -0.64524770 -0.63873136 -0.38382941 1.11733139 0.31729329
0.56582028 -0.94640428 -0.79297483 0.15322582 1.03502476 0.47569624
0.52977920 -0.22008547 -0.22181582 0.26887253 0.48509955 0.21104147
0.04902825 -0.27811766 0.09583411 -0.35470283 1.03818107 0.08846195
0.47357959 -0.29827622 -0.04374861 -0.77308923 1.17875803 0.13305847
0.00932201 0.47385746 -0.33390960 -0.31496230 0.81456906 0.20543644
0.18280774 0.35565501 0.09247434 0.15807474 0.81116998 0.11843667
-0.38346434 -0.12540135 0.14653592 0.11516181 1.07265759 0.15060467
-0.50563741 0.00501838 0.29467073 -0.74420947 0.99253607 0.10941988
-0.07100677 0.07007553 -0.16378362 -0.95327926 0.85632938 0.01778987
0.30314821 -0.69686580 -0.67538327 -0.22856981 1.02264225 0.21835238
0.11897232 -0.27597964 -0.13843271 0.36730555 0.96170139 0.29414210
-0.01195828 0.18403818 0.75122958 -0.53588021 0.98355269 0.22785656
-0.42032167 -0.03281898 -0.13147074 -1.01449442 0.99277884 -0.05640069
-0.06327096 -0.73653573 -1.03921652 -0.39469022 0.93450862 0.10600813
0.21314555 -0.53495020 -0.56885022 0.17165171 0.86069965 0.37212506
0.11693428 -0.42346728 0.19961822 -0.03307598 0.93693656 0.32631010
-0.23889472 -0.13086285 0.60187298 -0.71088666 0.83884835 0.11258794
-0.04708304 -0.61650074 -0.62535524 -0.87355137 1.02701259 0.15401642
-2.52902842 -1.19040859 -1.62961769 -0.19820903 0.77110922 0.35336044
-2.28773665 -0.42132926 -0.56579590 0.25481066 0.66258091 0.68210745
-0.58311731 -1.20812368 0.22710717 -0.23153184 0.27047092 1.00159395
-0.14848666 -0.10917713 1.74022043 -0.76839936 0.23041016 0.88023305
-0.54951972 0.46442533 0.54292452 -0.50675356 0.77523673 0.73986363
0.32951540 0.61927968 -0.21668644 0.07394601 0.64437151 0.64457816
1.06927323 -0.71454459 -0.86298186 0.15613517 0.16339941 1.02596378
0.13067876 0.29429936 1.78389728 -0.36383575 0.31611592 1.03229988
-0.58525532 0.46167648 1.36270571 -0.51934218 0.60722423 0.73498970
-0.26821625 0.28635812 0.52612573 -0.34754458 0.63101792 0.74668717
-0.14268345 -0.07313608 0.11409709 -0.44553834 0.51107842 0.90362787
-0.01674689 -0.20688248 -0.63256532 -0.56624103 0.53608596 0.87292212
0.14299436 -0.55324304 -1.43921292 -0.45319024 0.55283868 0.75375432
0.19064185 -0.83027047 -1.71837831 -0.18290521 0.57299048 0.73157793
0.35649177 0.01119643 -0.00062524 0.20413947 0.43338475 0.31704959
0.98415577 -1.33667767 0.85153174 -0.11675326 0.57978868 0.99915707
0.16529095 0.20484072 0.54732090 -0.13748746 0.69244444 0.86439270
1.06845522 2.22436118 2.56042719 0.25214374 0.26561508 0.71159482
1.60479486 2.50199938 1.84479868 0.05406544 0.99059373 0.34799913
-0.71038437 0.91710961 0.43186733 0.10400930 0.76431102 0.52711630
-1.61965728 0.41497836 0.64353216 0.24196102 0.71939439 0.89339268
-0.83927697 0.16391274 -0.29292426 0.14667977 0.53705716 1.01280403
-1.38630676 0.43788582 -1.02138102 0.04218559 0.37997037 0.96966976
-0.03721088 -2.19005656 -1.05650580 -0.06763297 0.19641919 1.49605501
-0.25009742 0.84991443 0.16308665 -0.08515830 0.16024309 0.91922450
0.33938757 -2.60636115 -1.66462219 -0.08515830 0.16024309 0.91922450
0.33938757 -2.60636115 -1.66462219 -0.08515830 0.16024309 0.91922450
0.33938757 -2.60636115 -1.66462219 -0.08515830 0.16024309 0.91922450
0.33938757 -2.60636115 -1.66462219 -0.08515830 0.16024309 0.91922450
0.33938757 -2.60636115 -1.66462219 -0.08515830 0.16024309 0.91922450
0.33938757 -2.60636115 -1.66462219 -0.08515830 0.16024309 0.91922450
0.33938757 -2.60636115 -1.66462219 -0.08515830 0.16024309 0.91922450
0.33938757 -2.60636115 -1.66462219 -0.08515830 0.16024309 0.91922450
0.33938757 -2.60636115 -1.66462219 -0.08515830 0.16024309 0.91922450
0.33938757 -2.60636115 -1.66462219 -0.08515830 0.16024309 0.91922450
0.33938757 -2.60636115 -1.66462219 -0.08515830 0.16024309 0.91922450
0.33938757 -2.60636115 -1.66462219 -0.08515830 0.16024309 0.91922450
0.33938757 -2.60636115 -1.66462219 -0.08515830 0.16024309 0.91922450
0.33938757 -2.60636115 -1.66462219 -0.08515830 0.16024309 0.91922450
0.33938757 -2.60636115 -1.66462219 -0.08515830 0.16024309 0.91922450
0.33938757 -2.60636115 -1.66462219 -0.08515830 0.16024309 0.91922450
0.33938757 -2.60636115 -1.66462219 -0.08515830 0.16024309 0.91922450
0.33938757 -2.60636115 -1.66462219 -0.08515830 0.16024309 0.91922450
0.33938757 -2.60636115 -1.66462219 -0.08515830 0.16024309 0.91922450
0.33938757 -2.60636115 -1.66462219 -0.08515830 0.16024309 0.91922450
0.33938757 -2.60636115 -1.66462219 -0.08515830 0.16024309 0.91922450
0.33938757 -2.60636115 -1.66462219 -0.08515830 0.16024309 0.91922450
0.33938757 -2.60636115 -1.66462219 -0.08515830 0.16024309 0.91922450
0.33938757 -2.60636115 -1.66462219 -0.08515830 0.16024309 0.91922450
0.33938757 -2.60636115 -1.66462219 -0.08515830 0.16024309 0.91922450
0.33938757 -2.60636115 -1.66462219 -0.08515830 0.16024309 0.91922450
0.33938757 -2.60636115 -1.66462219 -0.08515830 0.16024309 0.91922450
0.33938757 -2.60636115 -1.66462219 -0.08515830 0.16024309 0.91922450
0.33938757 -2.60636115 -1.66462219 -0.08515830 0.16024309 0.91922450
0.33938757 -2.60636115 -1.66462219 -0.08515830 0.16024309 0.91922450
0.33938757 -2.60636115 -1.66462219 -0.08515830 0.16024309 0.91922450
0.33938757 -2.60636115 -1.66462219 -0.08515830 0.16024309 0.91922450
0.33938757 -2.60636115 -1.66462219 -0.08515830 0.16024309 0.91922450
0.33938757 -2.60636115 -1.66462219 -0.08515830 0.16024309 0.91922450
0.33938757 -2.60636115 -1.66462219 -0.08515830 0.16024309 0.91922450
0.33938757 -2.60636115 -1.66462219 -0.08515830 0.16024309 0.91922450
0.33938757 -2.60636115 -1.66462219 -0.08515830 0.16024309 0.91922450
0.33938757 -2.60636115 -1.66462219 -0.08515830 0.16024309 0.91922450
0.33938757 -2.60636115 -1.66462219 -0.08515830 0.16024309 0.91922450
0.33938757 -2.60636115 -1.66462219 -0.08515830 0.16024309 0.91922450
0.33938757 -2.60636115 -1.66462219 -0.08515830 0.16024309 0.91922450
0.33938757 -2.60636115 -1.66462219 -0.08515830 0.16024309 0.91922450
0.33938757 -2.60636115 -1.66462219 -0.08515830 0.16024309 0.91922450
0.33938757 -2.60636115 -1.66462219 -0.08515830 0.16024309 0.91922450
0.33938757 -2.60636115 -1.66462219 -0.08515830 0.16024309 0.91922450
0.33938757 -2.60636115 -1.66462219 -0.08515830 0.16024309 0.91922450
0.33938757 -2.60636115 -1.66462219 -0.08515830 0.16024309 0.91922450
0.33938757 -2.60636115 -1.66462219 -0.08515830 0.16024309 0.91922450
0.33938757 -2.60636115 -1.66462219 -0.08515830 0.16024309 0.91922450
0.33938757 -2.60636115 -1.66462219 -0.08515830 0.16024309 0.91922450
0.33938757 -2.60636115 -1.66462219 -0.08515830 0.16024309 0.91922450
0.33938757 -2.60636115 -1.66462219 -0.08515830 0.16024309 0.91922450
0.33938757 -2.60636115 -1.66462219 -0.08515830 0.16024309 0.91922450
0.33938757 -2.60636115 -1.66462219 -0.08515830 0.16024309 0.91922450
0.33938757 -2.60636115 -1.66462219 -0.08515830 0.16024309 0.91922450
0.33938757 -2.60636115 -1.66462219 -0.08515830 0.16024309 0.91922450
0.33938757 -2.60636115 -1.66462219 -0.08515830 0.16024309 0.91922450
0.33938757 -2.60636115 -1.66462219 -0.08515830 0.16024309 0.91922450
0.33938757 -2.60636115 -1.66462219 -0.08515830 0.16024309 0.91922450
0.33938757 -2.60636115 -1.66462219 -0.08515830 0.16024309 0.91922450
0.33938757 -2.60636115 -1.66462219 -0.08515830 0.16024309 0.91922450
0.33938757 -2.60636115 -1.66462219 -0.08515830 0.16024309 0.91922450
0.33938757 -2.60636115 -1.66462219 -0.08515830 0.16024309 0.91922450
0.33938757 -2.60636115 -1.66462219 -0.08515830 0.16024309 0.91922450
0.33938757 -2.60636115 -1.66462219 -0.08515830 0.16024309 0.91922450
0.33938757 -2.60636115 -1.66462219 -0.08515830 0.16024309 0.91922450
0.33938757 -2.60636115 -1.66462219 -0.08515830 0.16024309 0.91922450
0.33938757 -2.60636115 -1.66462219 -0.08515830 0.16024309 0.91922450
0.33938757 -2.60636115 -1.66462219 -0.08515830 0.16024309 0.91922450
0.33938757 -2.60636115 -1.66462219 -0.08515830 0.16024309 0.91922450
0.33938757 -2.60636115 -1.66462219 -0.08515830 0.16024309 0.91922450
0.33938757 -2.60636115 -1.66462219 -0.08515830 0.16024309 0.91922450
0.33938757 -2.60636115 -1.66462219 -0.08515830 0.16024309 0.91922450
0.33938757 -2.60636115 -1.66462219 -0.08515830 0.16024309 0.91922450
0.33938757 -2.60636115 -1.66462219 -0.08515830 0.16024309 0.91922450
0.33938757 -2.60636115 -1.66462219 -0.08515830 0.16024309 0.91922450
0.33938757 -2.60636115 -1.66462219 -0.08515830 0.16024309 0.91922450
0.33938757 -2.60636115 -1.66462219 -0.08515830 0.16024309 0.91922450
0.33938757 -2.60636115 -1.66462219 -0.08515830 0.16024309 0.91922450
0.33938757 -2.60636115 -1.66462219 -0.08515830 0.16024309 0.91922450
0.33938757 -2.60636115 -1.66462219 -0.08515830 0.16024309 0.91922450
0.33938757 -2.60636115 -1.66462219 -0.08515830 0.16024309 0.91922450
0.33938757 -2.60636115 -1.66462219 -0.08515830 0.16024309 0.91922450
0.33938757 -2.60636115 -1.66462219 -0.08515830 0.16024309 0.91922450
0.33938757 -2.60636115 -1.66462219 -0.08515830 0.16024309 0.91922450
0.33938757 -2.60636115 -1.66462219 -0.08515830 0.16024309 0.91922450
0.33938757 -2.60636115 -1.66462219 -0.08515830 0.16024309 0.91922450
0.33938757 -2.60636115 -1.66462219 -0.08515830 0.16024309 0.91922450
0.33938757 -2.60636115 -1.66462219 -0.08515830 0.16024309 0.91922450
0.33938757 -2.60636115 -1.66462219 -0.08515830 0.16024309 0.91922450
0.33938757 -2.60636115 -1.66462219 -0.08515830 0.16024309 0.91922450
0.33938757 -2.60636115 -1.66462219 -0.08515830 0.16024309 0.91922450
0.33938757 -2.60636115 -1.66462219 -0.08515830 0.16024309 0.91922450
0.33938757 -2.60636115 -1.66462219 -0.08515830 0.16024309 0.91922450
0.33938757 -2.60636115 -1.66462219 -0.08515830 0.16024309 0.91922450
0.33938757 -2.60636115 -1.66462219 -0.08515830 0.16024309 0.91922450
0.33938757 -2.60636115 -1.66462219 -0.08515830 0.16024309 0.91922450
0.33938757 -2.60636115 -1.66462219 -0.08515830 0.16024309 0.91922450
0.33938757 -2.60636115 -1.66462219 -0.08515830 0.16024309 0.91922450
0.33938757 -2.60636115 -1.66462219 -0.08515830 0.16024309 0.91922450
0.33938757 -2.60636115 -1.66462219 -0.08515830 0.16024309 0.91922450
0.33938757 -2.60636115 -1.66462219 -0.08515830 0.16024309 0.91922450
0.33938757 -2.60636115 -1.66462219 -0.08515830 0.16024309 0.91922450
0.33938757 -2.60636115 -1.66462219 -0.08515830 0.16024309 0.91922450
0.33938757 -2.60636115 -1.66462219 -0.08515830 0.16024309 0.91922450
0.33938757 -2.60636115 -1.66462219 -0.08515830 0.16024309 0.91922450
0.33938757 -2.60636115 -1.66462219 -0.08515830 0.16024309 0.91922450
0.33938757 -2.60636115 -1.66462219 -0.08515830 0.16024309 0.91922450
0.33938757 -2.60636115 -1.66462219 -0.08515830 0.16024309 0.91922450
0.33938757 -2.60636115 -1.66462219 -0.08515830 0.16024309 0.91922450
0.33938757 -2.60636115 -1.66462219 -0.08515830 0.16024309 0.91922450
0.33938757 -2.60636115 -1.66462219 -0.08515830 0.16024309 0.91922450
0.33938757 -2.60636115 -1.66462219 -0.08515830 0.16024309 0.91922450
0.33938757 -2.60636115 -1.66462219 -0.08515830 0.16024309 0.91922450
0.33938757 -2.60636115 -1.66462219 -0.08515830 0.16024309 0.91922450
0.33938757 -2.60636115 -1.66462219 -0.08515830 0.16024309 0.91922450
0.33938757 -2.60636115 -1.66462219 -0.08515830 0.16024309 0.91922450
0.33938757 -2.60636115 -1.66462219 -0.08515830 0.16024309 0.91922450
0.33938757 -2.60636115 -1.66462219 -0.08515830 0.16024309 0.91922450
0.33938757 -2.60636115 -1.66462219 -0.08515830 0.16024309 0.91922450
0.33938757 -2.60636115 -1.66462219 -0.08515830 0.16024309 0.91922450
0.33938757 -2.60636115 -1.66462219 -0.08515830 0.16024309 0.91922450
0.33938757 -2.60636115 -1.66462219 -0.08515830 0.16024309 0.91922450
0.33938757 -2.60636115 -1.66462219 -0.08515830 0.16024309 0.91922450
0.33938757 -2.60636115 -1.66462219 -0.08515830 0.16024309 0.91922450
0.33938757 -2.60636115 -1.66462219 -0.08515830 0.16024309 0.91922450
0.33938757 -2.60636115 -1.66462219 -0.08515830 0.16024309 0.91922450
0.33938757 -2.60636115 -1.66462219 -0.08515830 0.16024309 0.91922450
0.33938757 -2.60636115 -1.66462219 -0.08515830 0.16024309 0.91922450
0.33938757 -2.60636115 -1.66462219 -0.08515830 0.16024309 0.91922450
0.33938757 -2.60636115 -1.66462219 -0.08515830 0.16024309 0.91922450
0.33938757 -2.60636115 -1.66462219 -0.08515830 0.16024309 0.91922450
0.33938757 -2.60636115 -1.66462219 -0.08515830 0.16024309 0.91922450
0.33938757 -2.60636115 -1.66462219 -0.08515830 0.16024309 0.91922450
0.33938757 -2.60636115 -1.66462219 -0.08515830 0.16024309 0.91922450
0.33938757 -2.60636115 -1.66462219 -0.08515830 0.16024309 0.91922450
0.33938757 -2.60636115 -1.66462219 -0.08515830 0.16024309 0.91922450
0.33938757 -2.60636115 -1.66462219 -0.08515830 0.16024309 0.91922450
0.33938757 -2.60636115 -1.66462219 -0.08515830 0.16024309 0.91922450
0.33938757 -2.60636115 -1.66462219 -0.08515830 0.16024309 0.91922450
0.33938757 -2.60636115 -1.66462219 -0.08515830 0.16024309 0.91922450
0.33938757 -2.60636115 -1.66462219 -0.08515830 0.16024309 0.91922450
0.33938757 -2.60636115 -1.66462219 -0.08515830 0.16024309 0.91922450
0.33938757 -2.60636115 -1.66462219 -0.08515830 0.16024309 0.91922450
0.33938757 -2.60636115 -1.66462219 -0.08515830 0.16024309 0.91922450
0.33938757 -2.60636115 -1.66462219 -0.08515830 0.16024309 0.91922450
0.33938757 -2.60636115 -1.66462219 -0.08515830 0.16024309 0.91922450
0.33938757 -2.60636115 -1.66462219 -0.08515830 0.16024309 0.91922450
0.33938757 -2.60636115 -1.66462219 -0.08515830 0.16024309 0.91922450
0.33938757 -2.60636115 -1.66462219 -0.08515830 0.16024309 0.91922450
0.33938757 -2.60636115 -1.66462219 -0.08515830 0.16024309 0.91922450
0.33938757 -2.60636115 -1.66462219 -0.08515830 0.16024309 0.91922450
0.33938757 -2.60636115 -1.66462219 -0.08515830 0.16024309 0.91922450
0.33938757 -2.60636115 -1.66462219 -0.08515830 0.16024309 0.91922450
0.33938757 -2.60636115 -1.66462219 -0.08515830 0.16024309 0.91922450
0.33938757 -2.60636115 -1.66462219 -0.08515830 0.16024309 0.91922450
0.33938757 -2.60636115 -1.66462219 -0.08515830 0.16024309 0.91922450
0.33938757 -2.60636115 -1.66462219 -0.08515830 0.16024309 0.91922450
0.33938757 -2.60636115 -1.66462219 -0.08515830 0.16024309 0.91922450
0.33938757 -2.60636115 -1.66462219 -0.08515830 0.16024309 0.91922450
0.33938757 -2.60636115 -1.66462219 -0.08515830 0.16024309 0.91922450
0.33938757 -2.60636115 -1.66462219 -0.08515830 0.16024309 0.91922450
0.33938757 -2.60636115 -1.66462219 -0.08515830 0.16024309 0.91922450
0.33938757 -2.60636115 -1.66462219 -0.08515830 0.16024309 0.91922450
0.33938757 -2.60636115 -1.66462219 -0.08515830 0.16024309 0.91922450
0.33938757 -2.60636115 -1.66462219 -0.08515830 0.16024309 0.91922450
0.33938757 -2.60636115 -1.66462219 -0.08515830 0.16024309 0.91922450
0.33938757 -2.60636115 -1.66462219 -0.08515830 0.16024309 0.91922450
0.33938757 -2.60636115 -1.66462219 -0.08515830 0.16024309 0.91922450
0.33938757 -2.60636115 -1.66462219 -0.08515830 0.16024309 0.91922450
0.33938757 -2.60636115 -1.66462219 -0.08515830 0.16024309 0.91922450
0.33938757 -2.60636115 -1.66462219 -0.08515830 0.16024309 0.91922450
0.33938757 -2.60636115 -1.66462219 -0.08515830 0.16024309 0.91922450
0.33938757 -2.60636115 -1.66462219 -0.08515830 0.16024309 0.91922450
0.33938757 -2.60636115 -1.66462219 -0.08515830 0.16024309 0.91922450
0.33938757 -2.60636115 -1.66462219 -0.08515830 0.16024309 0.91922450
0.33938757 -2.60636115 -1.66462219 -0.08515830 0.16024309 0.91922450
0.33938757 -2.60636115 -1.66462219 -0.08515830 0.16024309 0.91922450
0.33938757 -2.60636115 -1.66462219 -0.08515830 0.16024309 0.91922450
0.33938757 -2.60636115 -1.66462219 -0.08515830 0.16024309 0.91922450
0.33938757 -2.60636115 -1.66462219 -0.08515830 0.16024309 0.91922450
0.33938757 -2.60636115 -1.66462219 -0.08515830 0.16024309 0.91922450
0.33938757 -2.60636115 -1.66462219 -0.08515830 0.16024309 0.91922450
0.33938757 -2.60636115 -1.66462219 -0.08515830 0.16024309 0.91922450
0.33938757 -2.60636115 -1.66462219 -0.08515830 0.16024309 0.91922450
0.33938757 -2.60636115 -1.66462219 -0.08515830 0.16024309 0.91922450
0.33938757 -2.60636115 -1.66462219 -0.08515830 0.16024309 0.91922450
0.33938757 -2.60636115 -1.66462219 -0.08515830 0.16024309 0.91922450
0.33938757 -2.60636115 -1.66462219 -0.08515830 0.16024309 0.91922450
0.33938757 -2.60636115 -1.66462219 -0.08515830 0.16024309 0.91922450
0.33938757 -2.60636115 -1.66462219 -0.08515830 0.16024309 0.91922450
0.33938757 -2.60636115 -1.66462219 -0.08515830 0.16024309 0.91922450
0.33938757 -2.60636115 -1.66462219 -0.08515830 0.16024309 0.91922450
0.33938757 -2.60636115 -1.66462219 -0.08515830 0.16024309 0.91922450
0.33938757 -2.60636115 -1.66462219 -0.08515830 0.16024309 0.91922450
0.33938757 -2.60636115 -1.66462219 -0.08515830 0.16024309 0.91922450
0.33938757 -2.60636115 -1.66462219 -0.08515830 0.16024309 0.91922450
0.33938757 -2.60636115 -1.66462219 -0.08515830 0.16024309 0.91922450
0.33938757 -2.60636115 -1.66462219 -0.08515830 0.16024309 0.91922450
0.33938757 -2.60636115 -1.66462219 -0.08515830 0.16024309 0.91922450
0.33938757 -2.60636115 -1.66462219 -0.08515830 0.16024309 0.91922450
0.33938757 -2.60636115 -1.66462219 -0.08515830 0.16024309 0.91922450
0.33938757 -2.60636115 -1.66462219 -0.08515830 0.16024309 0.91922450
0.33938757 -2.60636115 -1.66462219 -0.08515830 0.16024309 0.91922450
0.33938757 -2.60636115 -1.66462219 -0.08515830 0.16024309 0.91922450
0.33938757 -2.60636115 -1.66462219 -0.08515830 0.16024309 0.91922450
0.33938757 -2.60636115 -1.66462219 -0.08515830 0.16024309 0.91922450
0.33938757 -2.60636115 -1.66462219 -0.08515830 0.16024309 0.91922450
0.33938757 -2.60636115 -1.66462219 -0.08515830 0.16024309 0.91922450
0.33938757 -2.60636115 -1.66462219 -0.08515830 0.16024309 0.91922450
0.33938757 -2.60636115 -1.66462219 -0.08515830 0.16024309 0.91922450
0.33938757 -2.60636115 -1.66462219 -0.08515830 0.16024309 0.91922450
0.33938757 -2.60636115 -1.66462219 -0.08515830 0.16024309 0.91922450
0.33938757 -2.60636115 -1.66462219 -0.08515830 0.16024309 0.91922450
0.33938757 -2.60636115 -1.66462219 -0.08515830 0.16024309 0.91922450
0.33938757 -2.60636115 -1.66462219 -0.08515830 0.16024309 0.91922450
0.33938757 -2.60636115 -1.66462219 -0.08515830 0.16024309 0.91922450
0.33938757 -2.60636115 -1.66462219 -0.08515830 0.16024309 0.91922450
0.33938757 -2.60636115 -1.66462219 -0.08515830 0.16024309 0.91922450
0.33938757 -2.60636115 -1.66462219 -0.08515830 0.16024309 0.91922450
0.33938757 -2.60636115 -1.66462219 -0.08515830 0.16024309 0.91922450
0.33938757 -2.60636115 -1.66462219 -0.08515830 0.16024309 0.91922450
0.33938757 -2.60636115 -1.66462219 -0.08515830 0.16024309 0.91922450
0.33938757 -2.60636115 -1.66462219 -0.08515830 0.16024309 0.91922450
0.33938757 -2.60636115 -1.66462219 -0.08515830 0.16024309 0.91922450
0.33938757 -2.60636115 -1.66462219 -0.08515830 0.16024309 0.91922450
0.33938757 -2.60636115 -1.66462219 -0.08515830 0.16024309 0.91922450
0.33938757 -2.60636115 -1.66462219 -0.08515830 0.16024309 0.91922450
0.33938757 -2.60636115 -1.66462219 -0.08515830 0.16024309 0.91922450
0.33938757 -2.60636115 -1.66462219 -0.08515830 0.16024309 0.91922450
0.33938757 -2.60636115 -1.66462219 -0.08515830 0.16024309 0.91922450
0.33938757 -2.60636115 -1.66462219 -0.08515830 0.16024309 0.91922450
0.33938757 -2.60636115 -1.66462219 -0.08515830 0.16024309 0.91922450
0.33938757 -2.60636115 -1.66462219 -0.08515830 0.16024309 0.91922450
0.33938757 -2.60636115 -1.66462219 -0.08515830 0.16024309 0.91922450
0.33938757 -2.60636115 -1.66462219 -0.08515830 0.16024309 0.91922450
0.33938757 -2.60636115 -1.66462219 -0.08515830 0.16024309 0.91922450
0.33938757 -2.60636115 -1.66462219 -0.08515830 0.16024309 0.91922450
0.33938757 -2.60636115 -1.66462219 -0.08515830 0.16024309 0.91922450
0.33938757 -2.60636115 -1.66462219 -0.08515830 0.16024309 0.91922450
0.33938757 -2.60636115 -1.66462219 -0.08515830 0.16024309 0.91922450
0.33938757 -2.60636115 -1.66462219 -0.08515830 0.16024309 0.91922450
0.33938757 -2.60636115 -1.66462219 -0.08515830 0.16024309 0.91922450
0.33938757 -2.60636115 -1.66462219 -0.08515830 0.16024309 0.91922450
0.33938757 -2.60636115 -1.66462219 -0.08515830 0.16024309 0.91922450
0.33938757 -2.60636115 -1.66462219 -0.08515830 0.16024309 0.91922450
0.33938757 -2.60636115 -1.66462219 -0.08515830 0.16024309 0.91922450
0.33938757 -2.60636115 -1.66462219 -0.08515830 0.16024309 0.91922450
0.33938757 -2.60636115 -1.66462219 -0.08515830 0.16024309 0.91922450
0.33938757 -2.60636115 -1.66462219 -0.08515830 0.16024309 0.91922450
0.33938757 -2.60636115 -1.66462219 -0.08515830 0.16024309 0.91922450
0.33938757 -2.60636115 -1.66462219 -0.08515830 0.16024309 0.91922450
0.33938757 -2.60636115 -1.66462219 -0.08515830 0.16024309 0.91922450
0.33938757 -2.60636115 -1.66462219 -0.08515830 0.16024309 0.91922450
0.33938757 -2.60636115 -1.66462219 -0.08515830 0.16024309 0.91922450
0.33938757 -2.60636115 -1.66462219 -0.08515830 0.16024309 0.91922450
0.33938757 -2.60636115 -1.66462219 -0.08515830 0.16024309 0.91922450
0.33938757 -2.60636115 -1.66462219 -0.08515830 0.16024309 0.91922450
0.33938757 -2.60636115 -1.66462219 -0.08515830 0.16024309 0.91922450
0.33938757 -2.60636115 -1.66462219 -0.08515830 0.16024309 0.91922450
0.33938757 -2.60636115 -1.66462219 -0.08515830 0.16024309 0.91922450
0.33938757 -2.60636115 -1.66462219 -0.08515830 0.16024309 0.91922450
0.33938757 -2.60636115 -1.66462219 -0.08515830 0.16024309 0.91922450
0.33938757 -2.60636115 -1.66462219 -0.08515830 0.16024309 0.91922450
0.33938757 -2.60636115 -1.66462219 -0.08515830 0.16024309 0.91922450
0.33938757 -2.60636115 -1.66462219 -0.08515830 0.16024309 0.91922450
0.33938757 -2.60636115 -1.66462219 -0.08515830 0.16024309 0.91922450
0.33938757 -2.60636115 -1.66462219 -0.08515830 0.16024309 0.91922450
0.33938757 -2.60636115 -1.66462219 -0.08515830 0.16024309 0.91922450
0.33938757 -2.60636115 -1.66462219 -0.08515830 0.16024309 0.91922450
0.33938757 -2.60636115 -1.66462219 -0.08515830 0.16024309 0.91922450
0.33938757 -2.60636115 -1.66462219 -0.08515830 0.16024309 0.91922450
0.33938757 -2.60636115 -1.66462219 -0.08515830 0.16024309 0.91922450
0.33938757 -2.60636115 -1.66462219 -0.08515830 0.16024309 0.91922450
0.33938757 -2.60636115 -1.66462219 -0.08515830 0.16024309 0.91922450
0.33938757 -2.60636115 -1.66462219 -0.08515830 0.16024309 0.91922450
0.33938757 -2.60636115 -1.66462219 -0.08515830 0.16024309 0.91922450
0.33938757 -2.60636115 -1.66462219 -0.08515830 0.16024309 0.91922450
0.33938757 -2.60636115 -1.66462219 -0.08515830 0.16024309 0.91922450
0.33938757 -2.60636115 -1.66462219 -0.08515830 0.16024309 0.91922450
0.33938757 -2.60636115 -1.66462219 -0.08515830 0.16024309 0.91922450
0.33938757 -2.60636115 -1.66462219 -0.08515830 0.16024309 0.91922450
0.33938757 -2.60636115 -1.66462219 -0.08515830 0.16024309 0.91922450
0.33938757 -2.60636115 -1.66462219 -0.08515830 0.16024309 0.91922450
0.33938757 -2.60636115 -1.66462219 -0.08515830 0.16024309 0.91922450
0.33938757 -2.60636115 -1.66462219 -0.08515830 0.16024309 0.91922450
0.33938757 -2.60636115 -1.66462219 -0.08515830 0.16024309 0.91922450
0.33938757 -2.60636115 -1.66462219 -0.08515830 0.16024309 0.91922450
0.33938757 -2.60636115 -1.66462219 -0.08515830 0.16024309 0.91922450
0.33938757 -2.60636115 -1.66462219 -0.08515830 0.16024309 0.91922450
0.33938757 -2.60636115 -1.66462219 -0.08515830 0.16024309 0.91922450
0.33938757 -2.60636115 -1.66462219 -0.08515830 0.16024309 0.91922450
0.33938757 -2.60636115 -1.66462219 -0.08515830 0.16024309 0.91922450
0.33938757 -2.60636115 -1.66462219 -0.08515830 0.16024309 0.91922450
0.33938757 -2.60636115 -1.66462219 -0.08515830 0.16024309 0.91922450
0.33938757 -2.60636115 -1.66462219 -0.08515830 0.16024309 0.91922450
0.33938757 -2.60636115 -1.66462219 -0.08515830 0.16024309 0.91922450
0.33938757 -2.60636115 -1.66462219 -0.08515830 0.16024309 0.91922450
0.33938757 -2.60636115 -1.66462219 -0.08515830 0.16024309 0.91922450
0.33938757 -2.60636115 -1.66462219 -0.08515830 0.16024309 0.91922450
0.33938757 -2.60636115 -1.66462219 -0.08515830 0.16024309 0.91922450
0.33938757 -2.60636115 -1.66462219 -0.08515830 0.16024309 0.91922450
0.33938757 -2.60636115 -1.66462219 -0.08515830 0.16024309 0.91922450
0.33938757 -2.60636115 -1.66462219 -0.08515830 0.16024309 0.91922450
0.33938757 -2.60636115 -1.66462219 -0.08515830 0.16024309 0.91922450
0.33938757 -2.60636115 -1.66462219 -0.08515830 0.16024309 0.91922450
0.33938757 -2.60636115 -1.66462219 -0.08515830 0.16024309 0.91922450
0.33938757 -2.60636115 -1.66462219 -0.08515830 0.16024309 0.91922450
0.33938757 -2.60636115 -1.66462219 -0.08515830 0.16024309 0.91922450
0.33938757 -2.60636115 -1.66462219 -0.08515830 0.16024309 0.91922450
0.33938757 -2.60636115 -1.66462219 -0.08515830 0.16024309 0.91922450
0.33938757 -2.60636115 -1.66462219 -0.08515830 0.16024309 0.91922450
0.33938757 -2.60636115 -1.66462219 -0.08515830 0.16024309 0.91922450
0.33938757 -2.60636115 -1.66462219 -0.08515830 0.16024309 0.91922450
0.33938757 -2.60636115 -1.66462219 -0.08515830 0.16024309 0.91922450
0.33938757 -2.60636115 -1.66462219 -0.08515830 0.16024309 0.91922450
0.33938757 -2.60636115 -1.66462219 -0.08515830 0.16024309 0.91922450
0.33938757 -2.60636115 -1.66462219 -0.08515830 0.16024309 0.91922450
0.33938757 -2.60636115 -1.66462219 -0.08515830 0.16024309 0.91922450
0.33938757 -2.60636115 -1.66462219 -0.08515830 0.16024309 0.91922450
0.33938757 -2.60636115 -1.66462219 -0.08515830 0.16024309 0.91922450
0.33938757 -2.60636115 -1.66462219 -0.08515830 0.16024309 0.91922450
0.33938757 -2.60636115 -1.66462219 -0.08515830 0.16024309 0.91922450
0.33938757 -2.60636115 -1.66462219 -0.08515830 0.16024309 0.91922450
0.33938757 -2.60636115 -1.66462219 -0.08515830 0.16024309 0.91922450
0.33938757 -2.60636115 -1.66462219 -0.08515830 0.16024309 0.91922450
0.33938757 -2.60636115 -1.66462219 -0.08515830 0.16024309 0.91922450
0.33938757 -2.60636115 -1.66462219 -0.08515830 0.16024309 0.91922450
0.33938757 -2.60636115 -1.66462219 -0.08515830 0.16024309 0.91922450
0.33938757 -2.60636115 -1.66462219 -0.08515830 0.16024309 0.91922450
0.33938757 -2.60636115 -1.66462219 -0.08515830 0.16024309 0.91922450
0.33938757 -2.60636115 -1.66462219 -0.08515830 0.16024309 0.91922450
0.33938757 -2.60636115 -1.66462219 -0.08515830 0.16024309 0.91922450
0.33938757 -2.60636115 -1.66462219 -0.08515830 0.16024309 0.91922450
0.33938757 -2.60636115 -1.66462219 -0.08515830 0.16024309 0.91922450
0.33938757 -2.60636115 -1.66462219 -0.08515830 0.16024309 0.91922450
0.33938757 -2.60636115 -1.66462219 -0.08515830 0.16024309 0.91922450
0.33938757 -2.60636115 -1.66462219 -0.08515830 0.16024309 0.91922450
0.33938757 -2.60636115 -1.66462219 -0.08515830 0.16024309 0.91922450
0.33938757 -2.60636115 -1.66462219 -0.08515830 0.16024309 0.91922450
0.33938757 -2.60636115 -1.66462219 -0.08515830 0.16024309 0.91922450
0.33938757 -2.60636115 -1.66462219 -0.08515830 0.16024309 0.91922450
0.33938757 -2.60636115 -1.66462219 -0.08515830 0.16024309 0.91922450
0.33938757 -2.60636115 -1.66462219 -0.08515830 0.16024309 0.91922450
0.33938757 -2.60636115 -1.66462219 -0.08515830 0.16024309 0.91922450
0.33938757 -2.60636115 -1.66462219 -0.08515830 0.16024309 0.91922450
0.33938757 -2.60636115 -1.66462219 -0.08515830 0.16024309 0.91922450
0.33938757 -2.60636115 -1.66462219 -0.08515830 0.16024309 0.91922450
0.33938757 -2.60636115 -1.66462219 -0.08515830 0.16024309 0.91922450
0.33938757 -2.60636115 -1.66462219 -0.08515830 0.16024309 0.91922450
0.33938757 -2.60636115 -1.66462219 -0.08515830 0.16024309 0.91922450
0.33938757 -2.60636115 -1.66462219 -0.08515830 0.16024309 0.91922450
0.33938757 -2.60636115 -1.66462219 -0.08515830 0.16024309 0.91922450
0.33938757 -2.60636115 -1.66462219 -0.08515830 0.16024309 0.91922450
0.33938757 -2.60636115 -1.66462219 -0.08515830 0.16024309 0.91922450
0.33938757 -2.60636115 -1.66462219 -0.08515830 0.16024309 0.91922450
0.33938757 -2.60636115 -1.66462219 -0.08515830 0.16024309 0.91922450
0.33938757 -2.60636115 -1.66462219 -0.08515830 0.16024309 0.91922450
0.33938757 -2.60636115 -1.66462219 -0.08515830 0.16024309 0.91922450
0.33938757 -2.60636115 -1.66462219 -0.08515830 0.16024309 0.91922450
0.33938757 -2.60636115 -1.66462219 -0.08515830 0.16024309 0.91922450
0.33938757 -2.60636115 -1.66462219 -0.08515830 0.16024309 0.91922450
0.33938757 -2.60636115 -1.66462219 -0.08515830 0.16024309 0.91922450
0.33938757 -2.60636115 -1.66462219 -0.08515830 0.16024309 0.91922450
0.33938757 -2.60636115 -1.66462219 -0.08515830 0.16024309 0.91922450
0.33938757 -2.60636115 -1.66462219 -0.08515830 0.16024309 0.91922450
0.33938757 -2.60636115 -1.66462219 -0.08515830 0.16024309 0.91922450
0.33938757 -2.60636115 -1.66462219 -0.08515830 0.16024309 0.91922450
0.33938757 -2.60636115 -1.66462219 -0.08515830 0.16024309 0.91922450
0.33938757 -2.60636115 -1.66462219 -0.08515830 0.16024309 0.91922450
0.33938757 -2.60636115 -1.66462219 -0.08515830 0.16024309 0.91922450
0.33938757 -2.60636115 -1.66462219 -0.08515830 0.16024309 0.91922450
0.33938757 -2.60636115 -1.66462219 -0.08515830 0.16024309 0.91922450
0.33938757 -2.60636115 -1.66462219 -0.08515830 0.16024309 0.91922450
0.33938757 -2.60636115 -1.66462219 -0.08515830 0.16024309 0.91922450
0.33938757 -2.60636115 -1.66462219 -0.08515830 0.16024309 0.91922450
0.33938757 -2.60636115 -1.66462219 -0.08515830 0.16024309 0.91922450
0.33938757 -2.60636115 -1.66462219 -0.08515830 0.16024309 0.91922450
0.33938757 -2.60636115 -1.66462219 -0.08515830 0.16024309 0.91922450
0.33938757 -2.60636115 -1.66462219 -0.08515830 0.16024309 0.91922450
0.33938757 -2.60636115 -1.66462219 -0.08515830 0.16024309 0.91922450
0.33938757 -2.60636115 -1.66462219 -0.08515830 0.16024309 0.91922450
0.33938757 -2.60636115 -1.66462219 -0.08515830 0.16024309 0.91922450
0.33938757 -2.60636115 -1.66462219 -0.08515830 0.16024309 0.91922450
0.33938757 -2.60636115 -1.66462219 -0.08515830 0.16024309 0.91922450
0.33938757 -2.60636115 -1.66462219 -0.08515830 0.16024309 0.91922450
0.33938757 -2.60636115 -1.66462219 -0.08515830 0.16024309 0.91922450
0.33938757 -2.60636115 -1.66462219 -0.08515830 0.16024309 0.91922450
0.33938757 -2.60636115 -1.66462219 -0.08515830 0.16024309 0.91922450
0.33938757 -2.60636115 -1.66462219 -0.08515830 0.16024309 0.91922450
0.33938757 -2.60636115 -1.66462219 -0.08515830 0.16024309 0.91922450
0.33938757 -2.60636115 -1.66462219 -0.08515830 0.16024309 0.91922450
0.33938757 -2.60636115 -1.66462219 -0.08515830 0.16024309 0.91922450
0.33938757 -2.60636115 -1.66462219 -0.08515830 0.16024309 0.91922450
0.33938757 -2.60636115 -1.66462219 -0.08515830 0.16024309 0.91922450
0.33938757 -2.60636115 -1.66462219 -0.08515830 0.16024309 0.91922450
0.33938757 -2.60636115 -1.66462219 -0.08515830 0.16024309 0.91922450
0.33938757 -2.60636115 -1.66462219 -0.08515830 0.16024309 0.91922450
0.33938757 -2.60636115 -1.66462219 -0.08515830 0.16024309 0.91922450
0.33938757 -2.60636115 -1.66462219 -0.08515830 0.16024309 0.91922450
0.33938757 -2.60636115 -1.66462219 -0.08515830 0.16024309 0.91922450
0.33938757 -2.60636115 -1.66462219 -0.08515830 0.16024309 0.91922450
0.33938757 -2.60636115 -1.66462219 -0.08515830 0.16024309 0.91922450
0.33938757 -2.60636115 -1.66462219 -0.08515830 0.16024309 0.91922450
0.33938757 -2.60636115 -1.66462219 -0.08515830 0.16024309 0.91922450
0.33938757 -2.60636115 -1.66462219 -0.08515830 0.16024309 0.91922450
0.33938757 -2.60636115 -1.66462219 -0.08515830 0.16024309 0.91922450
0.33938757 -2.60636115 -1.66462219 -0.08515830 0.16024309 0.91922450
0.33938757 -2.60636115 -1.66462219 -0.08515830 0.16024309 0.91922450
0.33938757 -2.60636115 -1.66462219 -0.08515830 0.16024309 0.91922450
0.33938757 -2.60636115 -1.66462219 -0.08515830 0.16024309 0.91922450
0.33938757 -2.60636115 -1.66462219 -0.08515830 0.16024309 0.91922450
0.33938757 -2.60636115 -1.66462219 -0.08515830 0.16024309 0.91922450
0.33938757 -2.60636115 -1.66462219 -0.08515830 0.16024309 0.91922450
0.33938757 -2.60636115 -1.66462219 -0.08515830 0.16024309 0.91922450
0.33938757 -2.60636115 -1.66462219 -0.08515830 0.16024309 0.91922450
0.33938757 -2.60636115 -1.66462219 -0.08515830 0.16024309 0.91922450
0.33938757 -2.60636115 -1.66462219 -0.08515830 0.16024309 0.91922450
0.33938757 -2.60636115 -1.66462219 -0.08515830 0.16024309 0.91922450
0.33938757 -2.60636115 -1.66462219 -0.08515830 0.16024309 0.91922450
0.33938757 -2.60636115 -1.66462219 -0.08515830 0.16024309 0.91922450
0.33938757 -2.60636115 -1.66462219 -0.08515830 0.16024309 0.91922450
0.33938757 -2.60636115 -1.66462219 -0.08515830 0.16024309 0.91922450
0.33938757 -2.60636115 -1.66462219 -0.08515830 0.16024309 0.91922450
0.33938757 -2.60636115 -1.66462219 -0.08515830 0.16024309 0.91922450
0.33938757 -2.60636115 -1.66462219 -0.08515830 0.16024309 0.91922450
0.33938757 -2.60636115 -1.66462219 -0.08515830 0.16024309 0.91922450
0.33938757 -2.60636115 -1.66462219 -0.08515830 0.16024309 0.91922450
0.33938757 -2.60636115 -1.66462219 -0.08515830 0.16024309 0.91922450
0.33938757 -2.60636115 -1.66462219 -0.08515830 0.16024309 0.91922450
0.33938757 -2.60636115 -1.66462219 -0.08515830 0.16024309 0.91922450
0.33938757 -2.60636115 -1.66462219 -0.08515830 0.16024309 0.91922450
0.33938757 -2.60636115 -1.66462219 -0.08515830 0.16024309 0.91922450
0.33938757 -2.60636115 -1.66462219 -0.08515830 0.16024309 0.91922450
0.33938757 -2.60636115 -1.66462219 -0.08515830 0.16024309 0.91922450
0.33938757 -2.60636115 -1.66462219 -0.08515830 0.16024309 0.91922450
0.33938757 -2.60636115 -1.66462219 -0.08515830 0.16024309 0.91922450
0.33938757 -2.60636115 -1.66462219 -0.08515830 0.16024309 0.91922450
0.33938757 -2.60636115 -1.66462219 -0.08515830 0.16024309 0.91922450
0.33938757 -2.60636115 -1.66462219 -0.08515830 0.16024309 0.91922450
0.33938757 -2.60636115 -1.66462219 -0.08515830 0.16024309 0.91922450
0.33938757 -2.60636115 -1.66462219 -0.08515830 0.16024309 0.91922450
0.33938757 -2.60636115 -1.66462219 -0.08515830 0.16024309 0.91922450
0.33938757 -2.60636115 -1.66462219 -0.08515830 0.16024309 0.91922450
0.33938757 -2.60636115 -1.66462219 -0.08515830 0.16024309 0.91922450
0.33938757 -2.60636115 -1.66462219 -0.08515830 0.16024309 0.91922450
0.33938757 -2.60636115 -1.66462219 -0.08515830 0.16024309 0.91922450
0.33938757 -2.60636115 -1.66462219 -0.08515830 0.16024309 0.91922450
0.33938757 -2.60636115 -1.66462219 -0.08515830 0.16024309 0.91922450
0.33938757 -2.60636115 -1.66462219 -0.08515830 0.16024309 0.91922450
0.33938757 -2.60636115 -1.66462219 -0.08515830 0.16024309 0.91922450
0.33938757 -2.60636115 -1.66462219 -0.08515830 0.16024309 0.91922450
0.33938757 -2.60636115 -1.66462219 -0.08515830 0.16024309 0.91922450
0.33938757 -2.60636115 -1.66462219 -0.08515830 0.16024309 0.91922450
0.33938757 -2.60636115 -1.66462219 -0.08515830 0.16024309 0.91922450
0.33938757 -2.60636115 -1.66462219 -0.08515830 0.16024309 0.91922450
0.33938757 -2.60636115 -1.66462219 -0.08515830 0.16024309 0.91922450
0.33938757 -2.60636115 -1.66462219 -0.08515830 0.16024309 0.91922450
0.33938757 -2.60636115 -1.66462219 -0.08515830 0.16024309 0.91922450
0.33938757 -2.60636115 -1.66462219 -0.08515830 0.16024309 0.91922450
0.33938757 -2.60636115 -1.66462219 -0.08515830 0.16024309 0.91922450
0.33938757 -2.60636115 -1.66462219 -0.08515830 0.16024309 0.91922450
0.33938757 -2.60636115 -1.66462219 -0.08515830 0.16024309 0.91922450
0.33938757 -2.60636115 -1.66462219 -0.08515830 0.16024309 0.91922450
0.33938757 -2.60636115 -1.66462219 -0.08515830 0.16024309 0.91922450
0.33938757 -2.60636115 -1.66462219 -0.08515830 0.16024309 0.91922450
0.33938757 -2.60636115 -1.66462219 -0.08515830 0.16024309 0.91922450
0.33938757 -2.60636115 -1.66462219 -0.08515830 0.16024309 0.91922450
0.33938757 -2.60636115 -1.66462219 -0.08515830 0.16024309 0.91922450
0.33938757 -2.60636115 -1.66462219 -0.08515830 0.16024309 0.91922450
0.33938757 -2.60636115 -1.66462219 -0.08515830 0.16024309 0.91922450
0.33938757 -2.60636115 -1.66462219 -0.08515830 0.16024309 0.91922450
0.33938757 -2.60636115 -1.66462219 -0.08515830 0.16024309 0.91922450
0.33938757 -2.60636115 -1.66462219 -0.08515830 0.16024309 0.91922450
0.33938757 -2.60636115 -1.66462219 -0.08515830 0.16024309 0.91922450
0.33938757 -2.60636115 -1.66462219 -0.08515830 0.16024309 0.91922450
0.33938757 -2.60636115 -1.66462219 -0.08515830 0.16024309 0.91922450
0.33938757 -2.60636115 -1.66462219 -0.08515830 0.16024309 0.91922450
0.33938757 -2.60636115 -1.66462219 -0.08515830 0.16024309 0.91922450
0.33938757 -2.60636115 -1.66462219 -0.08515830 0.16024309 0.91922450
0.33938757 -2.60636115 -1.66462219 -0.08515830 0.16024309 0.91922450
0.33938757 -2.60636115 -1.66462219 -0.08515830 0.16024309 0.91922450
0.33938757 -2.60636115 -1.66462219 -0.08515830 0.16024309 0.91922450
0.33938757 -2.60636115 -1.66462219 -0.08515830 0.16024309 0.91922450
0.33938757 -2.60636115 -1.66462219 -0.08515830 0.16024309 0.91922450
0.33938757 -2.60636115 -1.66462219 -0.08515830 0.16024309 0.91922450
0.33938757 -2.60636115 -1.66462219 -0.08515830 0.16024309 0.91922450
0.33938757 -2.60636115 -1.66462219 -0.08515830 0.16024309 0.91922450
0.33938757 -2.60636115 -1.66462219 -0.08515830 0.16024309 0.91922450
0.33938757 -2.60636115 -1.66462219 -0.08515830 0.16024309 0.91922450
0.33938757 -2.60636115 -1.66462219 -0.08515830 0.16024309 0.91922450
0.33938757 -2.60636115 -1.66462219 -0.08515830 0.16024309 0.91922450
0.33938757 -2.60636115 -1.66462219 -0.08515830 0.16024309 0.91922450
0.33938757 -2.60636115 -1.66462219 -0.08515830 0.16024309 0.91922450
0.33938757 -2.60636115 -1.66462219 -0.08515830 0.16024309 0.91922450
0.33938757 -2.60636115 -1.66462219 -0.08515830 0.16024309 0.91922450
0.33938757 -2.60636115 -1.66462219 -0.08515830 0.16024309 0.91922450
0.33938757 -2.60636115 -1.66462219 -0.08515830 0.16024309 0.91922450
0.33938757 -2.60636115 -1.66462219 -0.08515830 0.16024309 0.91922450
0.33938757 -2.60636115 -1.66462219 -0.08515830 0.16024309 0.91922450
0.33938757 -2.60636115 -1.66462219 -0.08515830 0.16024309 0.91922450
0.33938757 -2.60636115 -1.66462219 -0.08515830 0.16024309 0.91922450
0.33938757 -2.60636115 -1.66462219 -0.08515830 0.16024309 0.91922450
0.33938757 -2.60636115 -1.66462219 -0.08515830 0.16024309 0.91922450
0.33938757 -2.60636115 -1.66462219 -0.08515830 0.16024309 0.91922450
0.33938757 -2.60636115 -1.66462219 -0.08515830 0.16024309 0.91922450
0.33938757 -2.60636115 -1.66462219 -0.08515830 0.16024309 0.91922450
0.33938757 -2.60636115 -1.66462219 -0.08515830 0.16024309 0.91922450
0.33938757 -2.60636115 -1.66462219 -0.08515830 0.16024309 0.91922450
0.33938757 -2.60636115 -1.66462219 -0.08515830 0.16024309 0.91922450
0.33938757 -2.60636115 -1.66462219 -0.08515830 0.16024309 0.91922450
0.33938757 -2.60636115 -1.66462219 -0.08515830 0.16024309 0.91922450
0.33938757 -2.60636115 -1.66462219 -0.08515830 0.16024309 0.91922450
0.33938757 -2.60636115 -1.66462219 -0.08515830 0.16024309 0.91922450
0.33938757 -2.60636115 -1.66462219 -0.08515830 0.16024309 0.91922450
0.33938757 -2.60636115 -1.66462219 -0.08515830 0.16024309 0.91922450
0.33938757 -2.60636115 -1.66462219 -0.08515830 0.16024309 0.91922450
0.33938757 -2.60636115 -1.66462219 -0.08515830 0.16024309 0.91922450
0.33938757 -2.60636115 -1.66462219 -0.08515830 0.16024309 0.91922450
0.33938757 -2.60636115 -1.66462219 -0.08515830 0.16024309 0.91922450
0.33938757 -2.60636115 -1.66462219 -0.08515830 0.16024309 0.91922450
0.33938757 -2.60636115 -1.66462219 -0.08515830 0.16024309 0.91922450
0.33938757 -2.60636115 -1.66462219 -0.08515830 0.16024309 0.91922450
0.33938757 -2.60636115 -1.66462219 -0.08515830 0.16024309 0.91922450
0.33938757 -2.60636115 -1.66462219 -0.08515830 0.16024309 0.91922450
0.33938757 -2.60636115 -1.66462219 -0.08515830 0.16024309 0.91922450
0.33938757 -2.60636115 -1.66462219 -0.08515830 0.16024309 0.91922450
0.33938757 -2.60636115 -1.66462219 -0.08515830 0.16024309 0.91922450
0.33938757 -2.60636115 -1.66462219 -0.08515830 0.16024309 0.91922450
0.33938757 -2.60636115 -1.66462219 -0.08515830 0.16024309 0.91922450
0.33938757 -2.60636115 -1.66462219 -0.08515830 0.16024309 0.91922450
0.33938757 -2.60636115 -1.66462219 -0.08515830 0.16024309 0.91922450
0.33938757 -2.60636115 -1.66462219 -0.08515830 0.16024309 0.91922450
0.33938757 -2.60636115 -1.66462219 -0.08515830 0.16024309 0.91922450
0.33938757 -2.60636115 -1.66462219 -0.08515830 0.16024309 0.91922450
0.33938757 -2.60636115 -1.66462219 -0.08515830 0.16024309 0.91922450
0.33938757 -2.60636115 -1.66462219 -0.08515830 0.16024309 0.91922450
0.33938757 -2.60636115 -1.66462219 -0.08515830 0.16024309 0.91922450
0.33938757 -2.60636115 -1.66462219 -0.08515830 0.16024309 0.91922450
0.33938757 -2.60636115 -1.66462219 -0.08515830 0.16024309 0.91922450
0.33938757 -2.60636115 -1.66462219 -0.08515830 0.16024309 0.91922450
0.33938757 -2.60636115 -1.66462219 -0.08515830 0.16024309 0.91922450
0.33938757 -2.60636115 -1.66462219 -0.08515830 0.16024309 0.91922450
0.33938757 -2.60636115 -1.66462219 -0.08515830 0.16024309 0.91922450
0.33938757 -2.60636115 -1.66462219 -0.08515830 0.16024309 0.91922450
0.33938757 -2.60636115 -1.66462219 -0.08515830 0.16024309 0.91922450
0.33938757 -2.60636115 -1.66462219 -0.08515830 0.16024309 0.91922450
0.33938757 -2.60636115 -1.66462219 -0.08515830 0.16024309 0.91922450
0.33938757 -2.60636115 -1.66462219 -0.08515830 0.16024309 0.91922450
0.33938757 -2.60636115 -1.66462219 -0.08515830 0.16024309 0.91922450
0.33938757 -2.60636115 -1.66462219 -0.08515830 0.16024309 0.91922450
0.33938757 -2.60636115 -1.66462219 -0.08515830 0.16024309 0.91922450
0.33938757 -2.60636115 -1.66462219 -0.08515830 0.16024309 0.91922450
0.33938757 -2.60636115 -1.66462219 -0.08515830 0.16024309 0.91922450
0.33938757 -2.60636115 -1.66462219 -0.08515830 0.16024309 0.91922450
0.33938757 -2.60636115 -1.66462219 -0.08515830 0.16024309 0.91922450
0.33938757 -2.60636115 -1.66462219 -0.08515830 0.16024309 0.91922450
0.33938757 -2.60636115 -1.66462219 -0.08515830 0.16024309 0.91922450
0.33938757 -2.60636115 -1.66462219 -0.08515830 0.16024309 0.91922450
0.33938757 -2.60636115 -1.66462219 -0.08515830 0.16024309 0.91922450
0.33938757 -2.60636115 -1.66462219 -0.08515830 0.16024309 0.91922450
0.33938757 -2.60636115 -1.66462219 -0.08515830 0.16024309 0.91922450
0.33938757 -2.60636115 -1.66462219 -0.08515830 0.16024309 0.91922450
0.33938757 -2.60636115 -1.66462219 -0.08515830 0.16024309 0.91922450
0.33938757 -2.60636115 -1.66462219 -0.08515830 0.16024309 0.91922450
0.33938757 -2.60636115 -1.66462219 -0.08515830 0.16024309 0.91922450
0.33938757 -2.60636115 -1.66462219 -0.08515830 0.16024309 0.91922450
0.33938757 -2.60636115 -1.66462219 -0.08515830 0.16024309 0.91922450
0.33938757 -2.60636115 -1.66462219 -0.08515830 0.16024309 0.91922450
0.33938757 -2.60636115 -1.66462219 -0.08515830 0.16024309 0.91922450
0.33938757 -2.60636115 -1.66462219 -0.08515830 0.16024309 0.91922450
0.33938757 -2.60636115 -1.66462219 -0.08515830 0.16024309 0.91922450
0.33938757 -2.60636115 -1.66462219 -0.08515830 0.16024309 0.91922450
0.33938757 -2.60636115 -1.66462219 -0.08515830 0.16024309 0.91922450
0.33938757 -2.60636115 -1.66462219 -0.08515830 0.16024309 0.91922450
0.33938757 -2.60636115 -1.66462219 -0.08515830 0.16024309 0.91922450
0.33938757 -2.60636115 -1.66462219 -0.08515830 0.16024309 0.91922450
0.33938757 -2.60636115 -1.66462219 -0.08515830 0.16024309 0.91922450
0.33938757 -2.60636115 -1.66462219 -0.08515830 0.16024309 0.91922450
0.33938757 -2.60636115 -1.66462219 -0.08515830 0.16024309 0.91922450
0.33938757 -2.60636115 -1.66462219 -0.08515830 0.16024309 0.91922450
0.33938757 -2.60636115 -1.66462219 -0.08515830 0.16024309 0.91922450
0.33938757 -2.60636115 -1.66462219 -0.08515830 0.16024309 0.91922450
0.33938757 -2.60636115 -1.66462219 -0.08515830 0.16024309 0.91922450
0.33938757 -2.60636115 -1.66462219 -0.08515830 0.16024309 0.91922450
0.33938757 -2.60636115 -1.66462219 -0.08515830 0.16024309 0.91922450
0.33938757 -2.60636115 -1.66462219 -0.08515830 0.16024309 0.91922450
0.33938757 -2.60636115 -1.66462219 -0.08515830 0.16024309 0.91922450
0.33938757 -2.60636115 -1.66462219 -0.08515830 0.16024309 0.91922450
0.33938757 -2.60636115 -1.66462219 -0.08515830 0.16024309 0.91922450
0.33938757 -2.60636115 -1.66462219 -0.08515830 0.16024309 0.91922450
0.33938757 -2.60636115 -1.66462219 -0.08515830 0.16024309 0.91922450
0.33938757 -2.60636115 -1.66462219 -0.08515830 0.16024309 0.91922450
0.33938757 -2.60636115 -1.66462219 -0.08515830 0.16024309 0.91922450
0.33938757 -2.60636115 -1.66462219 -0.08515830 0.16024309 0.91922450
0.33938757 -2.60636115 -1.66462219 -0.08515830 0.16024309 0.91922450
0.33938757 -2.60636115 -1.66462219 -0.08515830 0.16024309 0.91922450
0.33938757 -2.60636115 -1.66462219 -0.08515830 0.16024309 0.91922450
0.33938757 -2.60636115 -1.66462219 -0.08515830 0.16024309 0.91922450
0.33938757 -2.60636115 -1.66462219 -0.08515830 0.16024309 0.91922450
0.33938757 -2.60636115 -1.66462219 -0.08515830 0.16024309 0.91922450
0.33938757 -2.60636115 -1.66462219 -0.08515830 0.16024309 0.91922450
0.33938757 -2.60636115 -1.66462219 -0.08515830 0.16024309 0.91922450
0.33938757 -2.60636115 -1.66462219 -0.08515830 0.16024309 0.91922450
0.33938757 -2.60636115 -1.66462219 -0.08515830 0.16024309 0.91922450
0.33938757 -2.60636115 -1.66462219 -0.08515830 0.16024309 0.91922450
0.33938757 -2.60636115 -1.66462219 -0.08515830 0.16024309 0.91922450
0.33938757 -2.60636115 -1.66462219 -0.08515830 0.16024309 0.91922450
0.33938757 -2.60636115 -1.66462219 -0.08515830 0.16024309 0.91922450
0.33938757 -2.60636115 -1.66462219 -0.08515830 0.16024309 0.91922450
0.33938757 -2.60636115 -1.66462219 -0.08515830 0.16024309 0.91922450
0.33938757 -2.60636115 -1.66462219 -0.08515830 0.16024309 0.91922450
0.33938757 -2.60636115 -1.66462219 -0.08515830 0.16024309 0.91922450
0.33938757 -2.60636115 -1.66462219 -0.08515830 0.16024309 0.91922450
0.33938757 -2.60636115 -1.66462219 -0.08515830 0.16024309 0.91922450
0.33938757 -2.60636115 -1.66462219 -0.08515830 0.16024309 0.91922450
0.33938757 -2.60636115 -1.66462219 -0.08515830 0.16024309 0.91922450
0.33938757 -2.60636115 -1.66462219 -0.08515830 0.16024309 0.91922450
0.33938757 -2.60636115 -1.66462219 -0.08515830 0.16024309 0.91922450
0.33938757 -2.60636115 -1.66462219 -0.08515830 0.16024309 0.91922450
0.33938757 -2.60636115 -1.66462219 -0.08515830 0.16024309 0.91922450
0.33938757 -2.60636115 -1.66462219 -0.08515830 0.16024309 0.91922450
0.33938757 -2.60636115 -1.66462219 -0.08515830 0.16024309 0.91922450
0.33938757 -2.60636115 -1.66462219 -0.08515830 0.16024309 0.91922450
0.33938757 -2.60636115 -1.66462219 -0.08515830 0.16024309 0.91922450
0.33938757 -2.60636115 -1.66462219 -0.08515830 0.16024309 0.91922450
0.33938757 -2.60636115 -1.66462219 -0.08515830 0.16024309 0.91922450
0.33938757 -2.60636115 -1.66462219 -0.08515830 0.16024309 0.91922450
0.33938757 -2.60636115 -1.66462219 -0.08515830 0.16024309 0.91922450
0.33938757 -2.60636115 -1.66462219 -0.08515830 0.16024309 0.91922450
0.33938757 -2.60636115 -1.66462219 -0.08515830 0.16024309 0.91922450
0.33938757 -2.60636115 -1.66462219 -0.08515830 0.16024309 0.91922450
0.33938757 -2.60636115 -1.66462219 -0.08515830 0.16024309 0.91922450
0.33938757 -2.60636115 -1.66462219 -0.08515830 0.16024309 0.91922450
0.33938757 -2.60636115 -1.66462219 -0.08515830 0.16024309 0.91922450
0.33938757 -2.60636115 -1.66462219 -0.08515830 0.16024309 0.91922450
0.33938757 -2.60636115 -1.66462219 -0.08515830 0.16024309 0.91922450
0.33938757 -2.60636115 -1.66462219 -0.08515830 0.16024309 0.91922450
0.33938757 -2.60636115 -1.66462219 -0.08515830 0.16024309 0.91922450
0.33938757 -2.60636115 -1.66462219 -0.08515830 0.16024309 0.91922450
0.33938757 -2.60636115 -1.66462219 -0.08515830 0.16024309 0.91922450
0.33938757 -2.60636115 -1.66462219 -0.08515830 0.16024309 0.91922450
0.33938757 -2.60636115 -1.66462219 -0.08515830 0.16024309 0.91922450
0.33938757 -2.60636115 -1.66462219 -0.08515830 0.16024309 0.91922450
0.33938757 -2.60636115 -1.66462219 -0.08515830 0.16024309 0.91922450
0.33938757 -2.60636115 -1.66462219 -0.08515830 0.16024309 0.91922450
0.33938757 -2.60636115 -1.66462219 -0.08515830 0.16024309 0.91922450
0.33938757 -2.60636115 -1.66462219 -0.08515830 0.16024309 0.91922450
0.33938757 -2.60636115 -1.66462219 -0.08515830 0.16024309 0.91922450
0.33938757 -2.60636115 -1.66462219 -0.08515830 0.16024309 0.91922450
0.33938757 -2.60636115 -1.66462219 -0.08515830 0.16024309 0.91922450
0.33938757 -2.60636115 -1.66462219 -0.08515830 0.16024309 0.91922450
0.33938757 -2.60636115 -1.66462219 -0.08515830 0.16024309 0.91922450
0.33938757 -2.60636115 -1.66462219 -0.08515830 0.16024309 0.91922450
0.33938757 -2.60636115 -1.66462219 -0.08515830 0.16024309 0.91922450
0.33938757 -2.60636115 -1.66462219 -0.08515830 0.16024309 0.91922450
0.33938757 -2.60636115 -1.66462219 -0.08515830 0.16024309 0.91922450
0.33938757 -2.60636115 -1.66462219 -0.08515830 0.16024309 0.91922450
0.33938757 -2.60636115 -1.66462219 -0.08515830 0.16024309 0.91922450
0.33938757 -2.60636115 -1.66462219 -0.08515830 0.16024309 0.91922450
0.33938757 -2.60636115 -1.66462219 -0.08515830 0.16024309 0.91922450
0.33938757 -2.60636115 -1.66462219 -0.08515830 0.16024309 0.91922450
0.33938757 -2.60636115 -1.66462219 -0.08515830 0.16024309 0.91922450
0.33938757 -2.60636115 -1.66462219 -0.08515830 0.16024309 0.91922450
0.33938757 -2.60636115 -1.66462219 -0.08515830 0.16024309 0.91922450
0.33938757 -2.60636115 -1.66462219 -0.08515830 0.16024309 0.91922450
0.33938757 -2.60636115 -1.66462219 -0.08515830 0.16024309 0.91922450
0.33938757 -2.60636115 -1.66462219 -0.08515830 0.16024309 0.91922450
0.33938757 -2.60636115 -1.66462219 -0.08515830 0.16024309 0.91922450
0.33938757 -2.60636115 -1.66462219 -0.08515830 0.16024309 0.91922450
0.33938757 -2.60636115 -1.66462219 -0.08515830 0.16024309 0.91922450
0.33938757 -2.60636115 -1.66462219 -0.08515830 0.16024309 0.91922450
0.33938757 -2.60636115 -1.66462219 -0.08515830 0.16024309 0.91922450
0.33938757 -2.60636115 -1.66462219 -0.08515830 0.16024309 0.91922450
0.33938757 -2.60636115 -1.66462219 -0.08515830 0.16024309 0.91922450
0.33938757 -2.60636115 -1.66462219 -0.08515830 0.16024309 0.91922450
0.33938757 -2.60636115 -1.66462219 -0.08515830 0.16024309 0.91922450
0.33938757 -2.60636115 -1.66462219 -0.08515830 0.16024309 0.91922450
0.33938757 -2.60636115 -1.66462219 -0.08515830 0.16024309 0.91922450
0.33938757 -2.60636115 -1.66462219 -0.08515830 0.16024309 0.91922450
0.33938757 -2.60636115 -1.66462219 -0.08515830 0.16024309 0.91922450
0.33938757 -2.60636115 -1.66462219 -0.08515830 0.16024309 0.91922450
0.33938757 -2.60636115 -1.66462219 -0.08515830 0.16024309 0.91922450
0.33938757 -2.60636115 -1.66462219 -0.08515830 0.16024309 0.91922450
0.33938757 -2.60636115 -1.66462219 -0.08515830 0.16024309 0.91922450
0.33938757 -2.60636115 -1.66462219 -0.08515830 0.16024309 0.91922450
0.33938757 -2.60636115 -1.66462219 -0.08515830 0.16024309 0.91922450
0.33938757 -2.60636115 -1.66462219 -0.08515830 0.16024309 0.91922450
0.33938757 -2.60636115 -1.66462219 -0.08515830 0.16024309 0.91922450
0.33938757 -2.60636115 -1.66462219 -0.08515830 0.16024309 0.91922450
0.33938757 -2.60636115 -1.66462219 -0.08515830 0.16024309 0.91922450
0.33938757 -2.60636115 -1.66462219 -0.08515830 0.16024309 0.91922450
0.33938757 -2.60636115 -1.66462219 -0.08515830 0.16024309 0.91922450
0.33938757 -2.60636115 -1.66462219 -0.08515830 0.16024309 0.91922450
0.33938757 -2.60636115 -1.66462219 -0.08515830 0.16024309 0.91922450
0.33938757 -2.60636115 -1.66462219 -0.08515830 0.16024309 0.91922450
0.33938757 -2.60636115 -1.66462219 -0.08515830 0.16024309 0.91922450
0.33938757 -2.60636115 -1.66462219 -0.08515830 0.16024309 0.91922450
0.33938757 -2.60636115 -1.66462219 -0.08515830 0.16024309 0.91922450
0.33938757 -2.60636115 -1.66462219 -0.08515830 0.16024309 0.91922450
0.33938757 -2.60636115 -1.66462219 -0.08515830 0.16024309 0.91922450
0.33938757 -2.60636115 -1.66462219 -0.08515830 0.16024309 0.91922450
0.33938757 -2.60636115 -1.66462219 -0.08515830 0.16024309 0.91922450
0.33938757 -2.60636115 -1.66462219 -0.08515830 0.16024309 0.91922450
0.33938757 -2.60636115 -1.66462219 -0.08515830 0.16024309 0.91922450
0.33938757 -2.60636115 -1.66462219 -0.08515830 0.16024309 0.91922450
0.33938757 -2.60636115 -1.66462219 -0.08515830 0.16024309 0.91922450
0.33938757 -2.60636115 -1.66462219 -0.08515830 0.16024309 0.91922450
0.33938757 -2.60636115 -1.66462219 -0.08515830 0.16024309 0.91922450
0.33938757 -2.60636115 -1.66462219 -0.08515830 0.16024309 0.91922450
0.33938757 -2.60636115 -1.66462219 -0.08515830 0.16024309 0.91922450
0.33938757 -2.60636115 -1.66462219 -0.08515830 0.16024309 0.91922450
0.33938757 -2.60636115 -1.66462219 -0.08515830 0.16024309 0.91922450
0.33938757 -2.60636115 -1.66462219 -0.08515830 0.16024309 0.91922450
0.33938757 -2.60636115 -1.66462219 -0.08515830 0.16024309 0.91922450
0.33938757 -2.60636115 -1.66462219 -0.08515830 0.16024309 0.91922450
0.33938757 -2.60636115 -1.66462219 -0.08515830 0.16024309 0.91922450
0.33938757 -2.60636115 -1.66462219 -0.08515830 0.16024309 0.91922450
0.33938757 -2.60636115 -1.66462219 -0.08515830 0.16024309 0.91922450
0.33938757 -2.60636115 -1.66462219 -0.08515830 0.16024309 0.91922450
0.33938757 -2.60636115 -1.66462219 -0.08515830 0.16024309 0.91922450
0.33938757 -2.60636115 -1.66462219 -0.08515830 0.16024309 0.91922450
0.33938757 -2.60636115 -1.66462219 -0.08515830 0.16024309 0.91922450
0.33938757 -2.60636115 -1.66462219 -0.08515830 0.16024309 0.91922450
0.33938757 -2.60636115 -1.66462219 -0.08515830 0.16024309 0.91922450
0.33938757 -2.60636115 -1.66462219 -0.08515830 0.16024309 0.91922450
0.33938757 -2.60636115 -1.66462219 -0.08515830 0.16024309 0.91922450
0.33938757 -2.60636115 -1.66462219 -0.08515830 0.16024309 0.91922450
0.33938757 -2.60636115 -1.66462219 -0.08515830 0.16024309 0.91922450
0.33938757 -2.60636115 -1.66462219 -0.08515830 0.16024309 0.91922450
0.33938757 -2.60636115 -1.66462219 -0.08515830 0.16024309 0.91922450
0.33938757 -2.60636115 -1.66462219 -0.08515830 0.16024309 0.91922450
0.33938757 -2.60636115 -1.66462219 -0.08515830 0.16024309 0.91922450
0.33938757 -2.60636115 -1.66462219 -0.08515830 0.16024309 0.91922450
0.33938757 -2.60636115 -1.66462219 -0.08515830 0.16024309 0.91922450
0.33938757 -2.60636115 -1.66462219 -0.08515830 0.16024309 0.91922450
0.33938757 -2.60636115 -1.66462219 -0.08515830 0.16024309 0.91922450
0.33938757 -2.60636115 -1.66462219 -0.08515830 0.16024309 0.91922450
0.33938757 -2.60636115 -1.66462219 -0.08515830 0.16024309 0.91922450
0.33938757 -2.60636115 -1.66462219 -0.08515830 0.16024309 0.91922450
0.33938757 -2.60636115 -1.66462219 -0.08515830 0.16024309 0.91922450
0.33938757 -2.60636115 -1.66462219 -0.08515830 0.16024309 0.91922450
0.33938757 -2.60636115 -1.66462219 -0.08515830 0.16024309 0.91922450
0.33938757 -2.60636115 -1.66462219 -0.08515830 0.16024309 0.91922450
0.33938757 -2.60636115 -1.66462219 -0.08515830 0.16024309 0.91922450
0.33938757 -2.60636115 -1.66462219 -0.08515830 0.16024309 0.91922450
0.33938757 -2.60636115 -1.66462219 -0.08515830 0.16024309 0.91922450
0.33938757 -2.60636115 -1.66462219 -0.08515830 0.16024309 0.91922450
0.33938757 -2.60636115 -1.66462219 -0.08515830 0.16024309 0.91922450
0.33938757 -2.60636115 -1.66462219 -0.08515830 0.16024309 0.91922450
0.33938757 -2.60636115 -1.66462219 -0.08515830 0.16024309 0.91922450
0.33938757 -2.60636115 -1.66462219 -0.08515830 0.16024309 0.91922450
0.33938757 -2.60636115 -1.66462219 -0.08515830 0.16024309 0.91922450
0.33938757 -2.60636115 -1.66462219 -0.08515830 0.16024309 0.91922450
0.33938757 -2.60636115 -1.66462219 -0.08515830 0.16024309 0.91922450
0.33938757 -2.60636115 -1.66462219 -0.08515830 0.16024309 0.91922450
0.33938757 -2.60636115 -1.66462219 -0.08515830 0.16024309 0.91922450
0.33938757 -2.60636115 -1.66462219 -0.08515830 0.16024309 0.91922450
0.33938757 -2.60636115 -1.66462219 -0.08515830 0.16024309 0.91922450
0.33938757 -2.60636115 -1.66462219 -0.08515830 0.16024309 0.91922450
0.33938757 -2.60636115 -1.66462219 -0.08515830 0.16024309 0.91922450
0.33938757 -2.60636115 -1.66462219 -0.08515830 0.16024309 0.91922450
0.33938757 -2.60636115 -1.66462219 -0.08515830 0.16024309 0.91922450
0.33938757 -2.60636115 -1.66462219 -0.08515830 0.16024309 0.91922450
0.33938757 -2.60636115 -1.66462219 -0.08515830 0.16024309 0.91922450
0.33938757 -2.60636115 -1.66462219 -0.08515830 0.16024309 0.91922450
0.33938757 -2.60636115 -1.66462219 -0.08515830 0.16024309 0.91922450
0.33938757 -2.60636115 -1.66462219 -0.08515830 0.16024309 0.91922450
0.33938757 -2.60636115 -1.66462219 -0.08515830 0.16024309 0.91922450
0.33938757 -2.60636115 -1.66462219 -0.08515830 0.16024309 0.91922450
0.33938757 -2.60636115 -1.66462219 -0.08515830 0.16024309 0.91922450
0.33938757 -2.60636115 -1.66462219 -0.08515830 0.16024309 0.91922450
0.33938757 -2.60636115 -1.66462219 -0.08515830 0.16024309 0.91922450
0.33938757 -2.60636115 -1.66462219 -0.08515830 0.16024309 0.91922450
0.33938757 -2.60636115 -1.66462219 -0.08515830 0.16024309 0.91922450
0.33938757 -2.60636115 -1.66462219 -0.08515830 0.16024309 0.91922450
0.33938757 -2.60636115 -1.66462219 -0.08515830 0.16024309 0.91922450
0.33938757 -2.60636115 -1.66462219 -0.08515830 0.16024309 0.91922450
0.33938757 -2.60636115 -1.66462219 -0.08515830 0.16024309 0.91922450
0.33938757 -2.60636115 -1.66462219 -0.08515830 0.16024309 0.91922450
0.33938757 -2.60636115 -1.66462219 -0.08515830 0.16024309 0.91922450
0.33938757 -2.60636115 -1.66462219 -0.08515830 0.16024309 0.91922450
0.33938757 -2.60636115 -1.66462219 -0.08515830 0.16024309 0.91922450
0.33938757 -2.60636115 -1.66462219 -0.08515830 0.16024309 0.91922450
0.33938757 -2.60636115 -1.66462219 -0.08515830 0.16024309 0.91922450
0.33938757 -2.60636115 -1.66462219 -0.08515830 0.16024309 0.91922450
0.33938757 -2.60636115 -1.66462219 -0.08515830 0.16024309 0.91922450
0.33938757 -2.60636115 -1.66462219 -0.08515830 0.16024309 0.91922450
0.33938757 -2.60636115 -1.66462219 -0.08515830 0.16024309 0.91922450
0.33938757 -2.60636115 -1.66462219 -0.08515830 0.16024309 0.91922450
0.33938757 -2.60636115 -1.66462219 -0.08515830 0.16024309 0.91922450
0.33938757 -2.60636115 -1.66462219 -0.08515830 0.16024309 0.91922450
0.33938757 -2.60636115 -1.66462219 -0.08515830 0.16024309 0.91922450
0.33938757 -2.60636115 -1.66462219 -0.08515830 0.16024309 0.91922450
0.33938757 -2.60636115 -1.66462219 -0.08515830 0.16024309 0.91922450
0.33938757 -2.60636115 -1.66462219 -0.08515830 0.16024309 0.91922450
0.33938757 -2.60636115 -1.66462219 -0.08515830 0.16024309 0.91922450
0.33938757 -2.60636115 -1.66462219 -0.08515830 0.16024309 0.91922450
0.33938757 -2.60636115 -1.66462219 -0.08515830 0.16024309 0.91922450
0.33938757 -2.60636115 -1.66462219 -0.08515830 0.16024309 0.91922450
0.33938757 -2.60636115 -1.66462219 -0.08515830 0.16024309 0.91922450
0.33938757 -2.60636115 -1.66462219 -0.08515830 0.16024309 0.91922450
0.33938757 -2.60636115 -1.66462219 -0.08515830 0.16024309 0.91922450
0.33938757 -2.60636115 -1.66462219 -0.08515830 0.16024309 0.91922450
0.33938757 -2.60636115 -1.66462219 -0.08515830 0.16024309 0.91922450
0.33938757 -2.60636115 -1.66462219 -0.08515830 0.16024309 0.91922450
0.33938757 -2.60636115 -1.66462219 -0.08515830 0.16024309 0.91922450
0.33938757 -2.60636115 -1.66462219 -0.08515830 0.16024309 0.91922450
0.33938757 -2.60636115 -1.66462219 -0.08515830 0.16024309 0.91922450
0.33938757 -2.60636115 -1.66462219 -0.08515830 0.16024309 0.91922450
0.33938757 -2.60636115 -1.66462219 -0.08515830 0.16024309 0.91922450
0.33938757 -2.60636115 -1.66462219 -0.08515830 0.16024309 0.91922450
0.33938757 -2.60636115 -1.66462219 -0.08515830 0.16024309 0.91922450
0.33938757 -2.60636115 -1.66462219 -0.08515830 0.16024309 0.91922450
0.33938757 -2.60636115 -1.66462219 -0.08515830 0.16024309 0.91922450
0.33938757 -2.60636115 -1.66462219 -0.08515830 0.16024309 0.91922450
0.33938757 -2.60636115 -1.66462219 -0.08515830 0.16024309 0.91922450
0.33938757 -2.60636115 -1.66462219 -0.08515830 0.16024309 0.91922450
0.33938757 -2.60636115 -1.66462219 -0.08515830 0.16024309 0.91922450
0.33938757 -2.60636115 -1.66462219 -0.08515830 0.16024309 0.91922450
0.33938757 -2.60636115 -1.66462219 -0.08515830 0.16024309 0.91922450
0.33938757 -2.60636115 -1.66462219 -0.08515830 0.16024309 0.91922450
0.33938757 -2.60636115 -1.66462219 -0.08515830 0.16024309 0.91922450
0.33938757 -2.60636115 -1.66462219 -0.08515830 0.16024309 0.91922450
